Mean: 6.625
Median: 6.0
Standard deviation: 2.836701429477554
Variance: 8.046875
